0.0	40.00
1.0	40.00
2.0	40.00
3.0	40.00
4.0	40.00
5.0	40.00
6.0	40.00
7.0	40.00
8.0	40.00
9.0	40.00
10.0	40.00
11.0	40.00
12.0	40.00
13.0	40.00
14.0	40.00
15.0	40.00
16.0	40.00
17.0	40.00
18.0	40.00
19.0	40.00
20.0	40.00
21.0	40.00
22.0	40.00
23.0	40.00
24.0	40.00
25.0	40.00
26.0	40.00
27.0	40.00
28.0	40.00
29.0	40.00
30.0	40.00
31.0	40.00
32.0	40.00
33.0	40.00
34.0	40.00
35.0	40.00
36.0	40.00
37.0	40.00
38.0	40.00
39.0	40.00
40.0	40.00
41.0	40.00
42.0	40.00
43.0	40.00
44.0	40.00
45.0	40.00
46.0	40.00
47.0	40.00
48.0	40.00
49.0	40.00
50.0	40.00
51.0	40.00
52.0	40.38
53.0	41.29
54.0	42.26
55.0	43.28
56.0	44.37
57.0	45.53
58.0	46.76
59.0	48.08
60.0	49.49
61.0	50.99
62.0	52.61
63.0	54.35
64.0	56.21
65.0	58.23
66.0	60.42
67.0	62.78
68.0	65.36
69.0	68.17
70.0	71.25
71.0	74.63
72.0	78.37
73.0	82.50
74.0	87.10
75.0	92.23
76.0	98.01
77.0	104.53
78.0	111.95
79.0	120.42
80.0	130.16
81.0	141.43
82.0	154.51
83.0	169.74
84.0	187.41
85.0	207.70
86.0	230.37
87.0	254.30
88.0	276.86
89.0	293.67
90.0	300.00
91.0	293.67
92.0	276.86
93.0	254.30
94.0	230.37
95.0	207.70
96.0	187.41
97.0	169.74
98.0	154.51
99.0	141.43
100.0	130.16
101.0	120.42
102.0	111.95
103.0	104.53
104.0	98.01
105.0	92.23
106.0	87.10
107.0	82.50
108.0	78.37
109.0	74.63
110.0	71.25
111.0	68.17
112.0	65.36
113.0	62.78
114.0	60.42
115.0	58.23
116.0	56.21
117.0	54.35
118.0	52.61
119.0	50.99
120.0	49.49
