0.0	42.20
1.0	42.22
2.0	42.24
3.0	42.27
4.0	42.31
5.0	42.37
6.0	42.43
7.0	42.52
8.0	42.61
9.0	42.73
10.0	42.85
11.0	42.99
12.0	43.14
13.0	43.31
14.0	43.49
15.0	43.69
16.0	43.90
17.0	44.13
18.0	44.37
19.0	44.63
20.0	44.91
21.0	45.20
22.0	45.51
23.0	45.84
24.0	46.19
25.0	46.56
26.0	46.95
27.0	47.36
28.0	47.79
29.0	48.24
30.0	48.72
31.0	49.23
32.0	49.75
33.0	50.31
34.0	50.89
35.0	51.51
36.0	52.15
37.0	52.83
38.0	53.54
39.0	54.29
40.0	55.07
41.0	55.90
42.0	56.77
43.0	57.68
44.0	58.65
45.0	59.66
46.0	60.73
47.0	61.85
48.0	63.04
49.0	64.29
50.0	65.62
51.0	67.02
52.0	68.50
53.0	70.08
54.0	71.74
55.0	73.52
56.0	75.40
57.0	77.41
58.0	79.56
59.0	81.85
60.0	84.31
61.0	86.94
62.0	89.77
63.0	92.82
64.0	96.11
65.0	99.68
66.0	103.55
67.0	107.77
68.0	112.38
69.0	117.43
70.0	123.00
71.0	129.16
72.0	136.01
73.0	143.66
74.0	152.26
75.0	161.98
76.0	173.06
77.0	185.76
78.0	200.46
79.0	217.58
80.0	237.66
81.0	261.30
82.0	289.02
83.0	321.07
84.0	357.04
85.0	395.54
86.0	434.28
87.0	470.69
88.0	502.75
89.0	529.47
90.0	550.87
91.0	529.47
92.0	502.75
93.0	470.69
94.0	434.28
95.0	395.54
96.0	357.04
97.0	321.07
98.0	289.02
99.0	261.30
100.0	237.66
101.0	217.58
102.0	200.46
103.0	185.76
104.0	173.06
105.0	161.98
106.0	152.26
107.0	143.66
108.0	136.01
109.0	129.16
110.0	123.00
111.0	117.43
112.0	112.38
113.0	107.77
114.0	103.55
115.0	99.68
116.0	96.11
117.0	92.82
118.0	89.77
119.0	86.94
120.0	84.31
