0.0	33.00
1.0	33.00
2.0	33.02
3.0	33.04
4.0	33.08
5.0	33.12
6.0	33.18
7.0	33.24
8.0	33.31
9.0	33.40
10.0	33.49
11.0	33.60
12.0	33.71
13.0	33.84
14.0	33.98
15.0	34.12
16.0	34.28
17.0	34.45
18.0	34.64
19.0	34.83
20.0	35.04
21.0	35.26
22.0	35.50
23.0	35.74
24.0	36.01
25.0	36.28
26.0	36.57
27.0	36.88
28.0	37.20
29.0	37.54
30.0	37.90
31.0	38.27
32.0	38.66
33.0	39.08
34.0	39.51
35.0	39.96
36.0	40.44
37.0	40.94
38.0	41.46
39.0	42.01
40.0	42.59
41.0	43.19
42.0	43.82
43.0	44.49
44.0	45.18
45.0	45.92
46.0	46.69
47.0	47.49
48.0	48.34
49.0	49.23
50.0	50.17
51.0	51.16
52.0	52.21
53.0	53.30
54.0	54.46
55.0	55.69
56.0	56.98
57.0	58.35
58.0	59.79
59.0	61.33
60.0	62.95
61.0	64.68
62.0	66.51
63.0	68.46
64.0	70.54
65.0	72.75
66.0	75.11
67.0	77.63
68.0	80.33
69.0	83.22
70.0	86.32
71.0	89.63
72.0	93.19
73.0	97.01
74.0	101.11
75.0	105.51
76.0	110.21
77.0	115.25
78.0	120.61
79.0	126.31
80.0	132.30
81.0	138.56
82.0	145.01
83.0	151.54
84.0	158.00
85.0	164.18
86.0	169.82
87.0	174.64
88.0	178.35
89.0	180.70
90.0	181.50
91.0	180.70
92.0	178.35
93.0	174.64
94.0	169.82
95.0	164.18
96.0	158.00
97.0	151.54
98.0	145.01
99.0	138.56
100.0	132.30
101.0	126.31
102.0	120.61
103.0	115.25
104.0	110.21
105.0	105.51
106.0	101.11
107.0	97.01
108.0	93.19
109.0	89.63
110.0	86.32
111.0	83.22
112.0	80.33
113.0	77.63
114.0	75.11
115.0	72.75
116.0	70.54
117.0	68.46
118.0	66.51
119.0	64.68
120.0	62.95
