0.0	65.00
1.0	65.00
2.0	65.00
3.0	65.00
4.0	65.00
5.0	65.00
6.0	65.00
7.0	65.00
8.0	65.00
9.0	65.00
10.0	65.00
11.0	65.00
12.0	65.00
13.0	65.00
14.0	65.00
15.0	65.00
16.0	65.00
17.0	65.00
18.0	65.00
19.0	65.00
20.0	65.00
21.0	65.00
22.0	65.00
23.0	65.00
24.0	65.00
25.0	65.00
26.0	65.00
27.0	65.00
28.0	65.00
29.0	65.00
30.0	65.00
31.0	65.00
32.0	65.00
33.0	65.00
34.0	65.00
35.0	65.00
36.0	65.00
37.0	65.00
38.0	65.00
39.0	65.00
40.0	65.00
41.0	65.00
42.0	65.00
43.0	65.00
44.0	65.00
45.0	65.00
46.0	65.00
47.0	65.00
48.0	65.00
49.0	65.00
50.0	65.00
51.0	65.00
52.0	65.00
53.0	65.00
54.0	65.00
55.0	65.00
56.0	65.00
57.0	65.00
58.0	65.62
59.0	67.48
60.0	69.47
61.0	71.60
62.0	73.89
63.0	76.35
64.0	79.00
65.0	81.86
66.0	84.96
67.0	88.33
68.0	92.00
69.0	96.02
70.0	100.42
71.0	105.26
72.0	110.62
73.0	116.57
74.0	123.21
75.0	130.67
76.0	139.08
77.0	148.64
78.0	159.57
79.0	172.17
80.0	186.81
81.0	203.95
82.0	224.19
83.0	248.24
84.0	276.94
85.0	311.07
86.0	351.00
87.0	395.61
88.0	440.48
89.0	476.07
90.0	490.00
91.0	476.07
92.0	440.48
93.0	395.61
94.0	351.00
95.0	311.07
96.0	276.94
97.0	248.24
98.0	224.19
99.0	203.95
100.0	186.81
101.0	172.17
102.0	159.57
103.0	148.64
104.0	139.08
105.0	130.67
106.0	123.21
107.0	116.57
108.0	110.62
109.0	105.26
110.0	100.42
111.0	96.02
112.0	92.00
113.0	88.33
114.0	84.96
115.0	81.86
116.0	79.00
117.0	76.35
118.0	73.89
119.0	71.60
120.0	69.47
