0.0	35.00
1.0	35.01
2.0	35.02
3.0	35.05
4.0	35.08
5.0	35.13
6.0	35.19
7.0	35.26
8.0	35.34
9.0	35.43
10.0	35.53
11.0	35.64
12.0	35.77
13.0	35.90
14.0	36.05
15.0	36.21
16.0	36.38
17.0	36.57
18.0	36.77
19.0	36.98
20.0	37.20
21.0	37.44
22.0	37.69
23.0	37.96
24.0	38.24
25.0	38.54
26.0	38.86
27.0	39.19
28.0	39.54
29.0	39.91
30.0	40.30
31.0	40.70
32.0	41.13
33.0	41.58
34.0	42.05
35.0	42.54
36.0	43.06
37.0	43.61
38.0	44.18
39.0	44.78
40.0	45.41
41.0	46.07
42.0	46.76
43.0	47.49
44.0	48.26
45.0	49.06
46.0	49.91
47.0	50.80
48.0	51.74
49.0	52.73
50.0	53.78
51.0	54.88
52.0	56.04
53.0	57.27
54.0	58.57
55.0	59.94
56.0	61.40
57.0	62.95
58.0	64.59
59.0	66.34
60.0	68.20
61.0	70.19
62.0	72.31
63.0	74.58
64.0	77.02
65.0	79.63
66.0	82.43
67.0	85.46
68.0	88.72
69.0	92.26
70.0	96.09
71.0	100.25
72.0	104.78
73.0	109.73
74.0	115.14
75.0	121.07
76.0	127.58
77.0	134.73
78.0	142.61
79.0	151.26
80.0	160.77
81.0	171.16
82.0	182.44
83.0	194.55
84.0	207.29
85.0	220.31
86.0	233.04
87.0	244.64
88.0	254.09
89.0	260.32
90.0	262.50
91.0	260.32
92.0	254.09
93.0	244.64
94.0	233.04
95.0	220.31
96.0	207.29
97.0	194.55
98.0	182.44
99.0	171.16
100.0	160.77
101.0	151.26
102.0	142.61
103.0	134.73
104.0	127.58
105.0	121.07
106.0	115.14
107.0	109.73
108.0	104.78
109.0	100.25
110.0	96.09
111.0	92.26
112.0	88.72
113.0	85.46
114.0	82.43
115.0	79.63
116.0	77.02
117.0	74.58
118.0	72.31
119.0	70.19
120.0	68.20
