0.000000	89.000000
0.013700	88.110000
0.027400	87.220000
0.041100	86.330000
0.054800	85.440000
0.068500	84.550000
0.082200	83.660000
0.095900	82.770000
0.109600	81.880000
0.123300	80.990000
0.137000	80.100000
0.150700	79.210000
0.164400	78.320000
0.178100	77.430000
0.191800	76.540000
0.205500	75.650000
0.219200	74.760000
0.232900	73.870000
0.246600	72.980000
0.260300	72.090000
0.274000	71.200000
0.287700	70.310000
0.301400	69.420000
0.315100	68.530000
0.328800	67.640000
0.342500	66.750000
0.356200	65.860000
0.369900	64.970000
0.383600	64.080000
0.397300	63.190000
0.411000	62.300000
0.424700	61.410000
0.438400	60.520000
0.452100	59.630000
0.465800	58.740000
0.479500	57.850000
0.493200	56.960000
0.506900	56.070000
0.520600	55.180000
0.534300	54.290000
0.548000	53.400000
0.561700	52.510000
0.575400	51.620000
0.589100	50.730000
0.602800	49.840000
0.616500	48.950000
0.630200	48.060000
0.643900	47.170000
0.657600	46.280000
0.671300	45.390000
0.685000	44.500000
0.698700	43.610000
0.712400	42.720000
0.726100	41.830000
0.739800	40.940000
0.753500	40.050000
0.767200	39.160000
0.780900	38.270000
0.794600	37.380000
0.808300	36.490000
0.822000	35.600000
0.835700	34.710000
0.849400	33.820000
0.863100	32.930000
0.876800	32.040000
0.890500	31.150000
0.904200	30.260000
0.917900	29.370000
0.931600	28.480000
0.945300	27.590000
0.959000	26.700000
0.972700	25.810000
0.986400	24.920000
1.000100	24.030000
1.013800	23.140000
1.027500	22.250000
1.041200	21.360000
1.054900	20.470000
1.068600	19.580000
1.082300	18.690000
1.096000	17.800000
1.109700	16.910000
1.123400	16.020000
1.137100	15.130000
1.150800	14.240000
1.164500	13.350000
1.178200	12.460000
1.191900	11.570000
1.205600	10.680000
1.219300	9.790000
1.233000	8.900000
1.246700	8.010000
1.260400	7.120000
1.274100	6.230000
1.287800	5.340000
1.301500	4.450000
1.315200	3.560000
1.328900	2.670000
1.342600	1.780000
1.356300	0.890000
1.370000	0.000000
